0.0000 0.0536 -14.0097 14.0097
 0.0000 0.0546 -13.9710 13.9710
 0.0000 0.0556 -13.9315 13.9315
 0.0000 0.0566 -13.8912 13.8912
 0.0000 0.0576 -13.8500 13.8500
 0.0000 0.0586 -13.8080 13.8080
 0.0000 0.0596 -13.7651 13.7651
 0.0000 0.0606 -13.7214 13.7214
 0.0000 0.0616 -13.6768 13.6768
 0.0000 0.0626 -13.6313 13.6313
 0.0000 0.0636 -13.5849 13.5849
 0.0000 0.0646 -13.5377 13.5377
 0.0000 0.0656 -13.4895 13.4895
 0.0000 0.0666 -13.4404 13.4404
 0.0000 0.0676 -13.3904 13.3904
 0.0000 0.0686 -13.3394 13.3394
 0.0000 0.0696 -13.2875 13.2875
 0.0000 0.0706 -13.2347 13.2347
 0.0000 0.0716 -13.1808 13.1808
 0.0000 0.0726 -13.1260 13.1260
 0.0000 0.0736 -13.0702 13.0702
 0.0000 0.0746 -13.0134 13.0134
 0.0000 0.0756 -12.9556 12.9556
 0.0000 0.0766 -12.8967 12.8967
 0.0000 0.0776 -12.8368 12.8368
 0.0000 0.0786 -12.7758 12.7758
 0.0000 0.0796 -12.7137 12.7137
 0.0000 0.0806 -12.6505 12.6505
 0.0000 0.0816 -12.5863 12.5863
 0.0000 0.0826 -12.5209 12.5209
 0.0000 0.0836 -12.4543 12.4543
 0.0000 0.0846 -12.3866 12.3866
 0.0000 0.0856 -12.3177 12.3177
 0.0000 0.0866 -12.2476 12.2476
 0.0000 0.0876 -12.1763 12.1763
 0.0000 0.0886 -12.1037 12.1037
 0.0000 0.0896 -12.0299 12.0299
 0.0000 0.0906 -11.9548 11.9548
 0.0000 0.0916 -11.8783 11.8783
 0.0000 0.0926 -11.8005 11.8005
 0.0000 0.0936 -11.7214 11.7214
 0.0000 0.0946 -11.6408 11.6408
 0.0000 0.0956 -11.5588 11.5588
 0.0000 0.0966 -11.4754 11.4754
 0.0000 0.0976 -11.3904 11.3904
 0.0000 0.0986 -11.3040 11.3040
 0.0000 0.0996 -11.2160 11.2160
 0.0000 0.1006 -11.1264 11.1264
 0.0000 0.1016 -11.0351 11.0351
 0.0000 0.1026 -10.9422 10.9422
 0.0000 0.1036 -10.8476 10.8476
 0.0000 0.1046 -10.7512 10.7512
 0.0000 0.1056 -10.6530 10.6530
 0.0000 0.1066 -10.5529 10.5529
 0.0000 0.1076 -10.4509 10.4509
 0.0000 0.1086 -10.3470 10.3470
 0.0000 0.1096 -10.2410 10.2410
 0.0000 0.1106 -10.1329 10.1329
 0.0000 0.1116 -10.0227 10.0227
 0.0000 0.1126 -9.9102 9.9102
 0.0000 0.1136 -9.7954 9.7954
 0.0000 0.1146 -9.6782 9.6782
 0.0000 0.1156 -9.5586 9.5586
 0.0000 0.1166 -9.4363 9.4363
 0.0000 0.1176 -9.3114 9.3114
 0.0000 0.1186 -9.1837 9.1837
 0.0000 0.1196 -9.0531 9.0531
 0.0000 0.1206 -8.9194 8.9194
 0.0000 0.1216 -8.7826 8.7826
 0.0000 0.1226 -8.6425 8.6425
 0.0000 0.1236 -8.4988 8.4988
 0.0000 0.1246 -8.3515 8.3515
 0.0000 0.1256 -8.2004 8.2004
 0.0000 0.1266 -8.0451 8.0451
 0.0000 0.1276 -7.8856 7.8856
 0.0000 0.1286 -7.7214 7.7214
 0.0000 0.1296 -7.5524 7.5524
 0.0000 0.1306 -7.3781 7.3781
 0.0000 0.1316 -7.1982 7.1982
 0.0000 0.1326 -7.0123 7.0123
 0.0000 0.1336 -6.8198 6.8198
 0.0000 0.1346 -6.6203 6.6203
 0.0000 0.1356 -6.4130 6.4130
 0.0000 0.1366 -6.1971 6.1971
 0.0000 0.1376 -5.9718 5.9718
 0.0000 0.1386 -5.7359 5.7359
 0.0000 0.1396 -5.4880 5.4880
 0.0000 0.1400 -5.3852 5.3852
 0.0000 0.1390 -5.6383 5.6383
 0.0000 0.1380 -5.8788 5.8788
 0.0000 0.1370 -6.1082 6.1082
 0.0000 0.1360 -6.3277 6.3277
 0.0000 0.1350 -6.5384 6.5384
 0.0000 0.1340 -6.7409 6.7409
 0.0000 0.1330 -6.9361 6.9361
 0.0000 0.1320 -7.1246 7.1246
 0.0000 0.1310 -7.3069 7.3069
 0.0000 0.1300 -7.4833 7.4833
 0.0000 0.1290 -7.6544 7.6544
 0.0000 0.1280 -7.8205 7.8205
 0.0000 0.1270 -7.9819 7.9819
 0.0000 0.1260 -8.1388 8.1388
 0.0000 0.1250 -8.2916 8.2916
 0.0000 0.1240 -8.4404 8.4404
 0.0000 0.1230 -8.5855 8.5855
 0.0000 0.1220 -8.7270 8.7270
 0.0000 0.1210 -8.8651 8.8651
 0.0000 0.1200 -9.0000 9.0000
 0.0000 0.1190 -9.1318 9.1318
 0.0000 0.1180 -9.2607 9.2607
 0.0000 0.1170 -9.3867 9.3867
 0.0000 0.1160 -9.5100 9.5100
 0.0000 0.1150 -9.6307 9.6307
 0.0000 0.1140 -9.7489 9.7489
 0.0000 0.1130 -9.8646 9.8646
 0.0000 0.1125 -9.9216 9.9216
 -0.0010 0.1125 -10.0216 9.8216
 -0.0020 0.1125 -10.1216 9.7216
 -0.0030 0.1125 -10.2216 9.6216
 -0.0040 0.1125 -10.3216 9.5216
 -0.0050 0.1125 -10.4216 9.4216
 -0.0060 0.1125 -10.5216 9.3216
 -0.0070 0.1125 -10.6216 9.2216
 -0.0080 0.1125 -10.7216 9.1216
 -0.0090 0.1125 -10.8216 9.0216
 -0.0100 0.1125 -10.9216 8.9216
 -0.0110 0.1125 -11.0216 8.8216
 -0.0120 0.1125 -11.1216 8.7216
 -0.0130 0.1125 -11.2216 8.6216
 -0.0140 0.1125 -11.3216 8.5216
 -0.0150 0.1125 -11.4216 8.4216
 -0.0160 0.1125 -11.5216 8.3216
 -0.0170 0.1125 -11.6216 8.2216
 -0.0180 0.1125 -11.7216 8.1216
 -0.0190 0.1125 -11.8216 8.0216
 -0.0200 0.1125 -11.9216 7.9216
 -0.0210 0.1125 -12.0216 7.8216
 -0.0220 0.1125 -12.1216 7.7216
 -0.0230 0.1125 -12.2216 7.6216
 -0.0240 0.1125 -12.3216 7.5216
 -0.0250 0.1125 -12.4216 7.4216
 -0.0260 0.1125 -12.5216 7.3216
 -0.0270 0.1125 -12.6216 7.2216
 -0.0280 0.1125 -12.7216 7.1216
 -0.0290 0.1125 -12.8216 7.0216
 -0.0300 0.1125 -12.9216 6.9216
 -0.0310 0.1125 -13.0216 6.8216
 -0.0320 0.1125 -13.1216 6.7216
 -0.0330 0.1125 -13.2216 6.6216
 -0.0340 0.1125 -13.3216 6.5216
 -0.0350 0.1125 -13.4216 6.4216
 -0.0350 0.1125 -13.4216 6.4216
 -0.0340 0.1125 -13.3216 6.5216
 -0.0330 0.1125 -13.2216 6.6216
 -0.0320 0.1125 -13.1216 6.7216
 -0.0310 0.1125 -13.0216 6.8216
 -0.0300 0.1125 -12.9216 6.9216
 -0.0290 0.1125 -12.8216 7.0216
 -0.0280 0.1125 -12.7216 7.1216
 -0.0270 0.1125 -12.6216 7.2216
 -0.0260 0.1125 -12.5216 7.3216
 -0.0250 0.1125 -12.4216 7.4216
 -0.0240 0.1125 -12.3216 7.5216
 -0.0230 0.1125 -12.2216 7.6216
 -0.0220 0.1125 -12.1216 7.7216
 -0.0210 0.1125 -12.0216 7.8216
 -0.0200 0.1125 -11.9216 7.9216
 -0.0190 0.1125 -11.8216 8.0216
 -0.0180 0.1125 -11.7216 8.1216
 -0.0170 0.1125 -11.6216 8.2216
 -0.0160 0.1125 -11.5216 8.3216
 -0.0150 0.1125 -11.4216 8.4216
 -0.0140 0.1125 -11.3216 8.5216
 -0.0130 0.1125 -11.2216 8.6216
 -0.0120 0.1125 -11.1216 8.7216
 -0.0110 0.1125 -11.0216 8.8216
 -0.0100 0.1125 -10.9216 8.9216
 -0.0090 0.1125 -10.8216 9.0216
 -0.0080 0.1125 -10.7216 9.1216
 -0.0070 0.1125 -10.6216 9.2216
 -0.0060 0.1125 -10.5216 9.3216
 -0.0050 0.1125 -10.4216 9.4216
 -0.0040 0.1125 -10.3216 9.5216
 -0.0030 0.1125 -10.2216 9.6216
 -0.0020 0.1125 -10.1216 9.7216
 -0.0010 0.1125 -10.0216 9.8216
 -0.0000 0.1125 -9.9216 9.9216
 0.0010 0.1125 -9.8216 10.0216
 0.0020 0.1125 -9.7216 10.1216
 0.0030 0.1125 -9.6216 10.2216
 0.0040 0.1125 -9.5216 10.3216
 0.0050 0.1125 -9.4216 10.4216
 0.0060 0.1125 -9.3216 10.5216
 0.0070 0.1125 -9.2216 10.6216
 0.0080 0.1125 -9.1216 10.7216
 0.0090 0.1125 -9.0216 10.8216
 0.0100 0.1125 -8.9216 10.9216
 0.0110 0.1125 -8.8216 11.0216
 0.0120 0.1125 -8.7216 11.1216
 0.0130 0.1125 -8.6216 11.2216
 0.0140 0.1125 -8.5216 11.3216
 0.0150 0.1125 -8.4216 11.4216
 0.0160 0.1125 -8.3216 11.5216
 0.0170 0.1125 -8.2216 11.6216
 0.0180 0.1125 -8.1216 11.7216
 0.0190 0.1125 -8.0216 11.8216
 0.0200 0.1125 -7.9216 11.9216
 0.0210 0.1125 -7.8216 12.0216
 0.0220 0.1125 -7.7216 12.1216
 0.0230 0.1125 -7.6216 12.2216
 0.0240 0.1125 -7.5216 12.3216
 0.0250 0.1125 -7.4216 12.4216
 0.0260 0.1125 -7.3216 12.5216
 0.0270 0.1125 -7.2216 12.6216
 0.0280 0.1125 -7.1216 12.7216
 0.0290 0.1125 -7.0216 12.8216
 0.0300 0.1125 -6.9216 12.9216
 0.0310 0.1125 -6.8216 13.0216
 0.0320 0.1125 -6.7216 13.1216
 0.0330 0.1125 -6.6216 13.2216
 0.0340 0.1125 -6.5216 13.3216
 0.0350 0.1125 -6.4216 13.4216
 0.0000 0.0536 -14.0097 14.0097
 0.0000 0.0546 -13.9710 13.9710
 0.0000 0.0556 -13.9315 13.9315
 0.0000 0.0566 -13.8912 13.8912
 0.0000 0.0576 -13.8500 13.8500
 0.0000 0.0586 -13.8080 13.8080
 0.0000 0.0596 -13.7651 13.7651
 0.0000 0.0606 -13.7214 13.7214
 0.0000 0.0616 -13.6768 13.6768
 0.0000 0.0626 -13.6313 13.6313
 0.0000 0.0636 -13.5849 13.5849
 0.0000 0.0646 -13.5377 13.5377
 0.0000 0.0656 -13.4895 13.4895
 0.0000 0.0666 -13.4404 13.4404
 0.0000 0.0676 -13.3904 13.3904
 0.0000 0.0686 -13.3394 13.3394
 0.0000 0.0696 -13.2875 13.2875
 0.0000 0.0706 -13.2347 13.2347
 0.0000 0.0716 -13.1808 13.1808
 0.0000 0.0726 -13.1260 13.1260
 0.0000 0.0736 -13.0702 13.0702
 0.0000 0.0746 -13.0134 13.0134
 0.0000 0.0756 -12.9556 12.9556
 0.0000 0.0766 -12.8967 12.8967
 0.0000 0.0776 -12.8368 12.8368
 0.0000 0.0786 -12.7758 12.7758
 0.0000 0.0796 -12.7137 12.7137
 0.0000 0.0806 -12.6505 12.6505
 0.0000 0.0816 -12.5863 12.5863
 0.0000 0.0826 -12.5209 12.5209
 0.0000 0.0836 -12.4543 12.4543
 0.0000 0.0846 -12.3866 12.3866
 0.0000 0.0856 -12.3177 12.3177
 0.0000 0.0866 -12.2476 12.2476
 0.0000 0.0876 -12.1763 12.1763
 0.0000 0.0886 -12.1037 12.1037
 0.0000 0.0896 -12.0299 12.0299
 0.0000 0.0906 -11.9548 11.9548
 0.0000 0.0916 -11.8783 11.8783
 0.0000 0.0926 -11.8005 11.8005
 0.0000 0.0936 -11.7214 11.7214
 0.0000 0.0946 -11.6408 11.6408
 0.0000 0.0956 -11.5588 11.5588
 0.0000 0.0966 -11.4754 11.4754
 0.0000 0.0976 -11.3904 11.3904
 0.0000 0.0986 -11.3040 11.3040
 0.0000 0.0996 -11.2160 11.2160
 0.0000 0.1006 -11.1264 11.1264
 0.0000 0.1016 -11.0351 11.0351
 0.0000 0.1026 -10.9422 10.9422
 0.0000 0.1036 -10.8476 10.8476
 0.0000 0.1046 -10.7512 10.7512
 0.0000 0.1056 -10.6530 10.6530
 0.0000 0.1066 -10.5529 10.5529
 0.0000 0.1076 -10.4509 10.4509
 0.0000 0.1086 -10.3470 10.3470
 0.0000 0.1096 -10.2410 10.2410
 0.0000 0.1106 -10.1329 10.1329
 0.0000 0.1116 -10.0227 10.0227
 0.0000 0.1126 -9.9102 9.9102
 0.0000 0.1136 -9.7954 9.7954
 0.0000 0.1146 -9.6782 9.6782
 0.0000 0.1156 -9.5586 9.5586
 0.0000 0.1166 -9.4363 9.4363
 0.0000 0.1176 -9.3114 9.3114
 0.0000 0.1186 -9.1837 9.1837
 0.0000 0.1196 -9.0531 9.0531
 0.0000 0.1206 -8.9194 8.9194
 0.0000 0.1216 -8.7826 8.7826
 0.0000 0.1226 -8.6425 8.6425
 0.0000 0.1236 -8.4988 8.4988
 0.0000 0.1246 -8.3515 8.3515
 0.0000 0.1256 -8.2004 8.2004
 0.0000 0.1266 -8.0451 8.0451
 0.0000 0.1276 -7.8856 7.8856
 0.0000 0.1286 -7.7214 7.7214
 0.0000 0.1296 -7.5524 7.5524
 0.0000 0.1306 -7.3781 7.3781
 0.0000 0.1316 -7.1982 7.1982
 0.0000 0.1326 -7.0123 7.0123
 0.0000 0.1336 -6.8198 6.8198
 0.0000 0.1346 -6.6203 6.6203
 0.0000 0.1356 -6.4130 6.4130
 0.0000 0.1366 -6.1971 6.1971
 0.0000 0.1376 -5.9718 5.9718
 0.0000 0.1386 -5.7359 5.7359
 0.0000 0.1396 -5.4880 5.4880
 0.0000 0.1400 -5.3852 5.3852
 0.0000 0.1390 -5.6383 5.6383
 0.0000 0.1380 -5.8788 5.8788
 0.0000 0.1370 -6.1082 6.1082
 0.0000 0.1360 -6.3277 6.3277
 0.0000 0.1350 -6.5384 6.5384
 0.0000 0.1340 -6.7409 6.7409
 0.0000 0.1330 -6.9361 6.9361
 0.0000 0.1320 -7.1246 7.1246
 0.0000 0.1310 -7.3069 7.3069
 0.0000 0.1300 -7.4833 7.4833
 0.0000 0.1290 -7.6544 7.6544
 0.0000 0.1280 -7.8205 7.8205
 0.0000 0.1270 -7.9819 7.9819
 0.0000 0.1260 -8.1388 8.1388
 0.0000 0.1250 -8.2916 8.2916
 0.0000 0.1240 -8.4404 8.4404
 0.0000 0.1230 -8.5855 8.5855
 0.0000 0.1220 -8.7270 8.7270
 0.0000 0.1210 -8.8651 8.8651
 0.0000 0.1200 -9.0000 9.0000
 0.0000 0.1190 -9.1318 9.1318
 0.0000 0.1180 -9.2607 9.2607
 0.0000 0.1170 -9.3867 9.3867
 0.0000 0.1160 -9.5100 9.5100
 0.0000 0.1150 -9.6307 9.6307
 0.0000 0.1140 -9.7489 9.7489
 0.0000 0.1130 -9.8646 9.8646
 0.0000 0.1125 -9.9216 9.9216
 -0.0010 0.1125 -10.0216 9.8216
 -0.0020 0.1125 -10.1216 9.7216
 -0.0030 0.1125 -10.2216 9.6216
 -0.0040 0.1125 -10.3216 9.5216
 -0.0050 0.1125 -10.4216 9.4216
 -0.0060 0.1125 -10.5216 9.3216
 -0.0070 0.1125 -10.6216 9.2216
 -0.0080 0.1125 -10.7216 9.1216
 -0.0090 0.1125 -10.8216 9.0216
 -0.0100 0.1125 -10.9216 8.9216
 -0.0110 0.1125 -11.0216 8.8216
 -0.0120 0.1125 -11.1216 8.7216
 -0.0130 0.1125 -11.2216 8.6216
 -0.0140 0.1125 -11.3216 8.5216
 -0.0150 0.1125 -11.4216 8.4216
 -0.0160 0.1125 -11.5216 8.3216
 -0.0170 0.1125 -11.6216 8.2216
 -0.0180 0.1125 -11.7216 8.1216
 -0.0190 0.1125 -11.8216 8.0216
 -0.0200 0.1125 -11.9216 7.9216
 -0.0210 0.1125 -12.0216 7.8216
 -0.0220 0.1125 -12.1216 7.7216
 -0.0230 0.1125 -12.2216 7.6216
 -0.0240 0.1125 -12.3216 7.5216
 -0.0250 0.1125 -12.4216 7.4216
 -0.0260 0.1125 -12.5216 7.3216
 -0.0270 0.1125 -12.6216 7.2216
 -0.0280 0.1125 -12.7216 7.1216
 -0.0290 0.1125 -12.8216 7.0216
 -0.0300 0.1125 -12.9216 6.9216
 -0.0310 0.1125 -13.0216 6.8216
 -0.0320 0.1125 -13.1216 6.7216
 -0.0330 0.1125 -13.2216 6.6216
 -0.0340 0.1125 -13.3216 6.5216
 -0.0350 0.1125 -13.4216 6.4216
 -0.0350 0.1125 -13.4216 6.4216
 -0.0340 0.1125 -13.3216 6.5216
 -0.0330 0.1125 -13.2216 6.6216
 -0.0320 0.1125 -13.1216 6.7216
 -0.0310 0.1125 -13.0216 6.8216
 -0.0300 0.1125 -12.9216 6.9216
 -0.0290 0.1125 -12.8216 7.0216
 -0.0280 0.1125 -12.7216 7.1216
 -0.0270 0.1125 -12.6216 7.2216
 -0.0260 0.1125 -12.5216 7.3216
 -0.0250 0.1125 -12.4216 7.4216
 -0.0240 0.1125 -12.3216 7.5216
 -0.0230 0.1125 -12.2216 7.6216
 -0.0220 0.1125 -12.1216 7.7216
 -0.0210 0.1125 -12.0216 7.8216
 -0.0200 0.1125 -11.9216 7.9216
 -0.0190 0.1125 -11.8216 8.0216
 -0.0180 0.1125 -11.7216 8.1216
 -0.0170 0.1125 -11.6216 8.2216
 -0.0160 0.1125 -11.5216 8.3216
 -0.0150 0.1125 -11.4216 8.4216
 -0.0140 0.1125 -11.3216 8.5216
 -0.0130 0.1125 -11.2216 8.6216
 -0.0120 0.1125 -11.1216 8.7216
 -0.0110 0.1125 -11.0216 8.8216
 -0.0100 0.1125 -10.9216 8.9216
 -0.0090 0.1125 -10.8216 9.0216
 -0.0080 0.1125 -10.7216 9.1216
 -0.0070 0.1125 -10.6216 9.2216
 -0.0060 0.1125 -10.5216 9.3216
 -0.0050 0.1125 -10.4216 9.4216
 -0.0040 0.1125 -10.3216 9.5216
 -0.0030 0.1125 -10.2216 9.6216
 -0.0020 0.1125 -10.1216 9.7216
 -0.0010 0.1125 -10.0216 9.8216
 -0.0000 0.1125 -9.9216 9.9216
 0.0010 0.1125 -9.8216 10.0216
 0.0020 0.1125 -9.7216 10.1216
 0.0030 0.1125 -9.6216 10.2216
 0.0040 0.1125 -9.5216 10.3216
 0.0050 0.1125 -9.4216 10.4216
 0.0060 0.1125 -9.3216 10.5216
 0.0070 0.1125 -9.2216 10.6216
 0.0080 0.1125 -9.1216 10.7216
 0.0090 0.1125 -9.0216 10.8216
 0.0100 0.1125 -8.9216 10.9216
 0.0110 0.1125 -8.8216 11.0216
 0.0120 0.1125 -8.7216 11.1216
 0.0130 0.1125 -8.6216 11.2216
 0.0140 0.1125 -8.5216 11.3216
 0.0150 0.1125 -8.4216 11.4216
 0.0160 0.1125 -8.3216 11.5216
 0.0170 0.1125 -8.2216 11.6216
 0.0180 0.1125 -8.1216 11.7216
 0.0190 0.1125 -8.0216 11.8216
 0.0200 0.1125 -7.9216 11.9216
 0.0210 0.1125 -7.8216 12.0216
 0.0220 0.1125 -7.7216 12.1216
 0.0230 0.1125 -7.6216 12.2216
 0.0240 0.1125 -7.5216 12.3216
 0.0250 0.1125 -7.4216 12.4216
 0.0260 0.1125 -7.3216 12.5216
 0.0270 0.1125 -7.2216 12.6216
 0.0280 0.1125 -7.1216 12.7216
 0.0290 0.1125 -7.0216 12.8216
 0.0300 0.1125 -6.9216 12.9216
 0.0310 0.1125 -6.8216 13.0216
 0.0320 0.1125 -6.7216 13.1216
 0.0330 0.1125 -6.6216 13.2216
 0.0340 0.1125 -6.5216 13.3216
 0.0350 0.1125 -6.4216 13.4216
 0.0000 0.0536 -14.0097 14.0097
 0.0000 0.0546 -13.9710 13.9710
 0.0000 0.0556 -13.9315 13.9315
 0.0000 0.0566 -13.8912 13.8912
 0.0000 0.0576 -13.8500 13.8500
 0.0000 0.0586 -13.8080 13.8080
 0.0000 0.0596 -13.7651 13.7651
 0.0000 0.0606 -13.7214 13.7214
 0.0000 0.0616 -13.6768 13.6768
 0.0000 0.0626 -13.6313 13.6313
 0.0000 0.0636 -13.5849 13.5849
 0.0000 0.0646 -13.5377 13.5377
 0.0000 0.0656 -13.4895 13.4895
 0.0000 0.0666 -13.4404 13.4404
 0.0000 0.0676 -13.3904 13.3904
 0.0000 0.0686 -13.3394 13.3394
 0.0000 0.0696 -13.2875 13.2875
 0.0000 0.0706 -13.2347 13.2347
 0.0000 0.0716 -13.1808 13.1808
 0.0000 0.0726 -13.1260 13.1260
 0.0000 0.0736 -13.0702 13.0702
 0.0000 0.0746 -13.0134 13.0134
 0.0000 0.0756 -12.9556 12.9556
 0.0000 0.0766 -12.8967 12.8967
 0.0000 0.0776 -12.8368 12.8368
 0.0000 0.0786 -12.7758 12.7758
 0.0000 0.0796 -12.7137 12.7137
 0.0000 0.0806 -12.6505 12.6505
 0.0000 0.0816 -12.5863 12.5863
 0.0000 0.0826 -12.5209 12.5209
 0.0000 0.0836 -12.4543 12.4543
 0.0000 0.0846 -12.3866 12.3866
 0.0000 0.0856 -12.3177 12.3177
 0.0000 0.0866 -12.2476 12.2476
 0.0000 0.0876 -12.1763 12.1763
 0.0000 0.0886 -12.1037 12.1037
 0.0000 0.0896 -12.0299 12.0299
 0.0000 0.0906 -11.9548 11.9548
 0.0000 0.0916 -11.8783 11.8783
 0.0000 0.0926 -11.8005 11.8005
 0.0000 0.0936 -11.7214 11.7214
 0.0000 0.0946 -11.6408 11.6408
 0.0000 0.0956 -11.5588 11.5588
 0.0000 0.0966 -11.4754 11.4754
 0.0000 0.0976 -11.3904 11.3904
 0.0000 0.0986 -11.3040 11.3040
 0.0000 0.0996 -11.2160 11.2160
 0.0000 0.1006 -11.1264 11.1264
 0.0000 0.1016 -11.0351 11.0351
 0.0000 0.1026 -10.9422 10.9422
 0.0000 0.1036 -10.8476 10.8476
 0.0000 0.1046 -10.7512 10.7512
 0.0000 0.1056 -10.6530 10.6530
 0.0000 0.1066 -10.5529 10.5529
 0.0000 0.1076 -10.4509 10.4509
 0.0000 0.1086 -10.3470 10.3470
 0.0000 0.1096 -10.2410 10.2410
 0.0000 0.1106 -10.1329 10.1329
 0.0000 0.1116 -10.0227 10.0227
 0.0000 0.1126 -9.9102 9.9102
 0.0000 0.1136 -9.7954 9.7954
 0.0000 0.1146 -9.6782 9.6782
 0.0000 0.1156 -9.5586 9.5586
 0.0000 0.1166 -9.4363 9.4363
 0.0000 0.1176 -9.3114 9.3114
 0.0000 0.1186 -9.1837 9.1837
 0.0000 0.1196 -9.0531 9.0531
 0.0000 0.1206 -8.9194 8.9194
 0.0000 0.1216 -8.7826 8.7826
 0.0000 0.1226 -8.6425 8.6425
 0.0000 0.1236 -8.4988 8.4988
 0.0000 0.1246 -8.3515 8.3515
 0.0000 0.1256 -8.2004 8.2004
 0.0000 0.1266 -8.0451 8.0451
 0.0000 0.1276 -7.8856 7.8856
 0.0000 0.1286 -7.7214 7.7214
 0.0000 0.1296 -7.5524 7.5524
 0.0000 0.1306 -7.3781 7.3781
 0.0000 0.1316 -7.1982 7.1982
 0.0000 0.1326 -7.0123 7.0123
 0.0000 0.1336 -6.8198 6.8198
 0.0000 0.1346 -6.6203 6.6203
 0.0000 0.1356 -6.4130 6.4130
 0.0000 0.1366 -6.1971 6.1971
 0.0000 0.1376 -5.9718 5.9718
 0.0000 0.1386 -5.7359 5.7359
 0.0000 0.1396 -5.4880 5.4880
 0.0000 0.1400 -5.3852 5.3852
 0.0000 0.1390 -5.6383 5.6383
 0.0000 0.1380 -5.8788 5.8788
 0.0000 0.1370 -6.1082 6.1082
 0.0000 0.1360 -6.3277 6.3277
 0.0000 0.1350 -6.5384 6.5384
 0.0000 0.1340 -6.7409 6.7409
 0.0000 0.1330 -6.9361 6.9361
 0.0000 0.1320 -7.1246 7.1246
 0.0000 0.1310 -7.3069 7.3069
 0.0000 0.1300 -7.4833 7.4833
 0.0000 0.1290 -7.6544 7.6544
 0.0000 0.1280 -7.8205 7.8205
 0.0000 0.1270 -7.9819 7.9819
 0.0000 0.1260 -8.1388 8.1388
 0.0000 0.1250 -8.2916 8.2916
 0.0000 0.1240 -8.4404 8.4404
 0.0000 0.1230 -8.5855 8.5855
 0.0000 0.1220 -8.7270 8.7270
 0.0000 0.1210 -8.8651 8.8651
 0.0000 0.1200 -9.0000 9.0000
 0.0000 0.1190 -9.1318 9.1318
 0.0000 0.1180 -9.2607 9.2607
 0.0000 0.1170 -9.3867 9.3867
 0.0000 0.1160 -9.5100 9.5100
 0.0000 0.1150 -9.6307 9.6307
 0.0000 0.1140 -9.7489 9.7489
 0.0000 0.1130 -9.8646 9.8646
 0.0000 0.1125 -9.9216 9.9216
 -0.0010 0.1125 -10.0216 9.8216
 -0.0020 0.1125 -10.1216 9.7216
 -0.0030 0.1125 -10.2216 9.6216
 -0.0040 0.1125 -10.3216 9.5216
 -0.0050 0.1125 -10.4216 9.4216
 -0.0060 0.1125 -10.5216 9.3216
 -0.0070 0.1125 -10.6216 9.2216
 -0.0080 0.1125 -10.7216 9.1216
 -0.0090 0.1125 -10.8216 9.0216
 -0.0100 0.1125 -10.9216 8.9216
 -0.0110 0.1125 -11.0216 8.8216
 -0.0120 0.1125 -11.1216 8.7216
 -0.0130 0.1125 -11.2216 8.6216
 -0.0140 0.1125 -11.3216 8.5216
 -0.0150 0.1125 -11.4216 8.4216
 -0.0160 0.1125 -11.5216 8.3216
 -0.0170 0.1125 -11.6216 8.2216
 -0.0180 0.1125 -11.7216 8.1216
 -0.0190 0.1125 -11.8216 8.0216
 -0.0200 0.1125 -11.9216 7.9216
 -0.0210 0.1125 -12.0216 7.8216
 -0.0220 0.1125 -12.1216 7.7216
 -0.0230 0.1125 -12.2216 7.6216
 -0.0240 0.1125 -12.3216 7.5216
 -0.0250 0.1125 -12.4216 7.4216
 -0.0260 0.1125 -12.5216 7.3216
 -0.0270 0.1125 -12.6216 7.2216
 -0.0280 0.1125 -12.7216 7.1216
 -0.0290 0.1125 -12.8216 7.0216
 -0.0300 0.1125 -12.9216 6.9216
 -0.0310 0.1125 -13.0216 6.8216
 -0.0320 0.1125 -13.1216 6.7216
 -0.0330 0.1125 -13.2216 6.6216
 -0.0340 0.1125 -13.3216 6.5216
 -0.0350 0.1125 -13.4216 6.4216
 -0.0350 0.1125 -13.4216 6.4216
 -0.0340 0.1125 -13.3216 6.5216
 -0.0330 0.1125 -13.2216 6.6216
 -0.0320 0.1125 -13.1216 6.7216
 -0.0310 0.1125 -13.0216 6.8216
 -0.0300 0.1125 -12.9216 6.9216
 -0.0290 0.1125 -12.8216 7.0216
 -0.0280 0.1125 -12.7216 7.1216
 -0.0270 0.1125 -12.6216 7.2216
 -0.0260 0.1125 -12.5216 7.3216
 -0.0250 0.1125 -12.4216 7.4216
 -0.0240 0.1125 -12.3216 7.5216
 -0.0230 0.1125 -12.2216 7.6216
 -0.0220 0.1125 -12.1216 7.7216
 -0.0210 0.1125 -12.0216 7.8216
 -0.0200 0.1125 -11.9216 7.9216
 -0.0190 0.1125 -11.8216 8.0216
 -0.0180 0.1125 -11.7216 8.1216
 -0.0170 0.1125 -11.6216 8.2216
 -0.0160 0.1125 -11.5216 8.3216
 -0.0150 0.1125 -11.4216 8.4216
 -0.0140 0.1125 -11.3216 8.5216
 -0.0130 0.1125 -11.2216 8.6216
 -0.0120 0.1125 -11.1216 8.7216
 -0.0110 0.1125 -11.0216 8.8216
 -0.0100 0.1125 -10.9216 8.9216
 -0.0090 0.1125 -10.8216 9.0216
 -0.0080 0.1125 -10.7216 9.1216
 -0.0070 0.1125 -10.6216 9.2216
 -0.0060 0.1125 -10.5216 9.3216
 -0.0050 0.1125 -10.4216 9.4216
 -0.0040 0.1125 -10.3216 9.5216
 -0.0030 0.1125 -10.2216 9.6216
 -0.0020 0.1125 -10.1216 9.7216
 -0.0010 0.1125 -10.0216 9.8216
 -0.0000 0.1125 -9.9216 9.9216
 0.0010 0.1125 -9.8216 10.0216
 0.0020 0.1125 -9.7216 10.1216
 0.0030 0.1125 -9.6216 10.2216
 0.0040 0.1125 -9.5216 10.3216
 0.0050 0.1125 -9.4216 10.4216
 0.0060 0.1125 -9.3216 10.5216
 0.0070 0.1125 -9.2216 10.6216
 0.0080 0.1125 -9.1216 10.7216
 0.0090 0.1125 -9.0216 10.8216
 0.0100 0.1125 -8.9216 10.9216
 0.0110 0.1125 -8.8216 11.0216
 0.0120 0.1125 -8.7216 11.1216
 0.0130 0.1125 -8.6216 11.2216
 0.0140 0.1125 -8.5216 11.3216
 0.0150 0.1125 -8.4216 11.4216
 0.0160 0.1125 -8.3216 11.5216
 0.0170 0.1125 -8.2216 11.6216
 0.0180 0.1125 -8.1216 11.7216
 0.0190 0.1125 -8.0216 11.8216
 0.0200 0.1125 -7.9216 11.9216
 0.0210 0.1125 -7.8216 12.0216
 0.0220 0.1125 -7.7216 12.1216
 0.0230 0.1125 -7.6216 12.2216
 0.0240 0.1125 -7.5216 12.3216
 0.0250 0.1125 -7.4216 12.4216
 0.0260 0.1125 -7.3216 12.5216
 0.0270 0.1125 -7.2216 12.6216
 0.0280 0.1125 -7.1216 12.7216
 0.0290 0.1125 -7.0216 12.8216
 0.0300 0.1125 -6.9216 12.9216
 0.0310 0.1125 -6.8216 13.0216
 0.0320 0.1125 -6.7216 13.1216
 0.0330 0.1125 -6.6216 13.2216
 0.0340 0.1125 -6.5216 13.3216
 0.0350 0.1125 -6.4216 13.4216
 0.0000 0.0536 -14.0097 14.0097
 0.0000 0.0546 -13.9710 13.9710
 0.0000 0.0556 -13.9315 13.9315
 0.0000 0.0566 -13.8912 13.8912
 0.0000 0.0576 -13.8500 13.8500
 0.0000 0.0586 -13.8080 13.8080
 0.0000 0.0596 -13.7651 13.7651
 0.0000 0.0606 -13.7214 13.7214
 0.0000 0.0616 -13.6768 13.6768
 0.0000 0.0626 -13.6313 13.6313
 0.0000 0.0636 -13.5849 13.5849
 0.0000 0.0646 -13.5377 13.5377
 0.0000 0.0656 -13.4895 13.4895
 0.0000 0.0666 -13.4404 13.4404
 0.0000 0.0676 -13.3904 13.3904
 0.0000 0.0686 -13.3394 13.3394
 0.0000 0.0696 -13.2875 13.2875
 0.0000 0.0706 -13.2347 13.2347
 0.0000 0.0716 -13.1808 13.1808
 0.0000 0.0726 -13.1260 13.1260
 0.0000 0.0736 -13.0702 13.0702
 0.0000 0.0746 -13.0134 13.0134
 0.0000 0.0756 -12.9556 12.9556
 0.0000 0.0766 -12.8967 12.8967
 0.0000 0.0776 -12.8368 12.8368
 0.0000 0.0786 -12.7758 12.7758
 0.0000 0.0796 -12.7137 12.7137
 0.0000 0.0806 -12.6505 12.6505
 0.0000 0.0816 -12.5863 12.5863
 0.0000 0.0826 -12.5209 12.5209
 0.0000 0.0836 -12.4543 12.4543
 0.0000 0.0846 -12.3866 12.3866
 0.0000 0.0856 -12.3177 12.3177
 0.0000 0.0866 -12.2476 12.2476
 0.0000 0.0876 -12.1763 12.1763
 0.0000 0.0886 -12.1037 12.1037
 0.0000 0.0896 -12.0299 12.0299
 0.0000 0.0906 -11.9548 11.9548
 0.0000 0.0916 -11.8783 11.8783
 0.0000 0.0926 -11.8005 11.8005
 0.0000 0.0936 -11.7214 11.7214
 0.0000 0.0946 -11.6408 11.6408
 0.0000 0.0956 -11.5588 11.5588
 0.0000 0.0966 -11.4754 11.4754
 0.0000 0.0976 -11.3904 11.3904
 0.0000 0.0986 -11.3040 11.3040
 0.0000 0.0996 -11.2160 11.2160
 0.0000 0.1006 -11.1264 11.1264
 0.0000 0.1016 -11.0351 11.0351
 0.0000 0.1026 -10.9422 10.9422
 0.0000 0.1036 -10.8476 10.8476
 0.0000 0.1046 -10.7512 10.7512
 0.0000 0.1056 -10.6530 10.6530
 0.0000 0.1066 -10.5529 10.5529
 0.0000 0.1076 -10.4509 10.4509
 0.0000 0.1086 -10.3470 10.3470
 0.0000 0.1096 -10.2410 10.2410
 0.0000 0.1106 -10.1329 10.1329
 0.0000 0.1116 -10.0227 10.0227
 0.0000 0.1126 -9.9102 9.9102
 0.0000 0.1136 -9.7954 9.7954
 0.0000 0.1146 -9.6782 9.6782
 0.0000 0.1156 -9.5586 9.5586
 0.0000 0.1166 -9.4363 9.4363
 0.0000 0.1176 -9.3114 9.3114
 0.0000 0.1186 -9.1837 9.1837
 0.0000 0.1196 -9.0531 9.0531
 0.0000 0.1206 -8.9194 8.9194
 0.0000 0.1216 -8.7826 8.7826
 0.0000 0.1226 -8.6425 8.6425
 0.0000 0.1236 -8.4988 8.4988
 0.0000 0.1246 -8.3515 8.3515
 0.0000 0.1256 -8.2004 8.2004
 0.0000 0.1266 -8.0451 8.0451
 0.0000 0.1276 -7.8856 7.8856
 0.0000 0.1286 -7.7214 7.7214
 0.0000 0.1296 -7.5524 7.5524
 0.0000 0.1306 -7.3781 7.3781
 0.0000 0.1316 -7.1982 7.1982
 0.0000 0.1326 -7.0123 7.0123
 0.0000 0.1336 -6.8198 6.8198
 0.0000 0.1346 -6.6203 6.6203
 0.0000 0.1356 -6.4130 6.4130
 0.0000 0.1366 -6.1971 6.1971
 0.0000 0.1376 -5.9718 5.9718
 0.0000 0.1386 -5.7359 5.7359
 0.0000 0.1396 -5.4880 5.4880
 0.0000 0.1400 -5.3852 5.3852
 0.0000 0.1390 -5.6383 5.6383
 0.0000 0.1380 -5.8788 5.8788
 0.0000 0.1370 -6.1082 6.1082
 0.0000 0.1360 -6.3277 6.3277
 0.0000 0.1350 -6.5384 6.5384
 0.0000 0.1340 -6.7409 6.7409
 0.0000 0.1330 -6.9361 6.9361
 0.0000 0.1320 -7.1246 7.1246
 0.0000 0.1310 -7.3069 7.3069
 0.0000 0.1300 -7.4833 7.4833
 0.0000 0.1290 -7.6544 7.6544
 0.0000 0.1280 -7.8205 7.8205
 0.0000 0.1270 -7.9819 7.9819
 0.0000 0.1260 -8.1388 8.1388
 0.0000 0.1250 -8.2916 8.2916
 0.0000 0.1240 -8.4404 8.4404
 0.0000 0.1230 -8.5855 8.5855
 0.0000 0.1220 -8.7270 8.7270
 0.0000 0.1210 -8.8651 8.8651
 0.0000 0.1200 -9.0000 9.0000
 0.0000 0.1190 -9.1318 9.1318
 0.0000 0.1180 -9.2607 9.2607
 0.0000 0.1170 -9.3867 9.3867
 0.0000 0.1160 -9.5100 9.5100
 0.0000 0.1150 -9.6307 9.6307
 0.0000 0.1140 -9.7489 9.7489
 0.0000 0.1130 -9.8646 9.8646
 0.0000 0.1125 -9.9216 9.9216
 -0.0010 0.1125 -10.0216 9.8216
 -0.0020 0.1125 -10.1216 9.7216
 -0.0030 0.1125 -10.2216 9.6216
 -0.0040 0.1125 -10.3216 9.5216
 -0.0050 0.1125 -10.4216 9.4216
 -0.0060 0.1125 -10.5216 9.3216
 -0.0070 0.1125 -10.6216 9.2216
 -0.0080 0.1125 -10.7216 9.1216
 -0.0090 0.1125 -10.8216 9.0216
 -0.0100 0.1125 -10.9216 8.9216
 -0.0110 0.1125 -11.0216 8.8216
 -0.0120 0.1125 -11.1216 8.7216
 -0.0130 0.1125 -11.2216 8.6216
 -0.0140 0.1125 -11.3216 8.5216
 -0.0150 0.1125 -11.4216 8.4216
 -0.0160 0.1125 -11.5216 8.3216
 -0.0170 0.1125 -11.6216 8.2216
 -0.0180 0.1125 -11.7216 8.1216
 -0.0190 0.1125 -11.8216 8.0216
 -0.0200 0.1125 -11.9216 7.9216
 -0.0210 0.1125 -12.0216 7.8216
 -0.0220 0.1125 -12.1216 7.7216
 -0.0230 0.1125 -12.2216 7.6216
 -0.0240 0.1125 -12.3216 7.5216
 -0.0250 0.1125 -12.4216 7.4216
 -0.0260 0.1125 -12.5216 7.3216
 -0.0270 0.1125 -12.6216 7.2216
 -0.0280 0.1125 -12.7216 7.1216
 -0.0290 0.1125 -12.8216 7.0216
 -0.0300 0.1125 -12.9216 6.9216
 -0.0310 0.1125 -13.0216 6.8216
 -0.0320 0.1125 -13.1216 6.7216
 -0.0330 0.1125 -13.2216 6.6216
 -0.0340 0.1125 -13.3216 6.5216
 -0.0350 0.1125 -13.4216 6.4216
 -0.0350 0.1125 -13.4216 6.4216
 -0.0340 0.1125 -13.3216 6.5216
 -0.0330 0.1125 -13.2216 6.6216
 -0.0320 0.1125 -13.1216 6.7216
 -0.0310 0.1125 -13.0216 6.8216
 -0.0300 0.1125 -12.9216 6.9216
 -0.0290 0.1125 -12.8216 7.0216
 -0.0280 0.1125 -12.7216 7.1216
 -0.0270 0.1125 -12.6216 7.2216
 -0.0260 0.1125 -12.5216 7.3216
 -0.0250 0.1125 -12.4216 7.4216
 -0.0240 0.1125 -12.3216 7.5216
 -0.0230 0.1125 -12.2216 7.6216
 -0.0220 0.1125 -12.1216 7.7216
 -0.0210 0.1125 -12.0216 7.8216
 -0.0200 0.1125 -11.9216 7.9216
 -0.0190 0.1125 -11.8216 8.0216
 -0.0180 0.1125 -11.7216 8.1216
 -0.0170 0.1125 -11.6216 8.2216
 -0.0160 0.1125 -11.5216 8.3216
 -0.0150 0.1125 -11.4216 8.4216
 -0.0140 0.1125 -11.3216 8.5216
 -0.0130 0.1125 -11.2216 8.6216
 -0.0120 0.1125 -11.1216 8.7216
 -0.0110 0.1125 -11.0216 8.8216
 -0.0100 0.1125 -10.9216 8.9216
 -0.0090 0.1125 -10.8216 9.0216
 -0.0080 0.1125 -10.7216 9.1216
 -0.0070 0.1125 -10.6216 9.2216
 -0.0060 0.1125 -10.5216 9.3216
 -0.0050 0.1125 -10.4216 9.4216
 -0.0040 0.1125 -10.3216 9.5216
 -0.0030 0.1125 -10.2216 9.6216
 -0.0020 0.1125 -10.1216 9.7216
 -0.0010 0.1125 -10.0216 9.8216
 -0.0000 0.1125 -9.9216 9.9216
 0.0010 0.1125 -9.8216 10.0216
 0.0020 0.1125 -9.7216 10.1216
 0.0030 0.1125 -9.6216 10.2216
 0.0040 0.1125 -9.5216 10.3216
 0.0050 0.1125 -9.4216 10.4216
 0.0060 0.1125 -9.3216 10.5216
 0.0070 0.1125 -9.2216 10.6216
 0.0080 0.1125 -9.1216 10.7216
 0.0090 0.1125 -9.0216 10.8216
 0.0100 0.1125 -8.9216 10.9216
 0.0110 0.1125 -8.8216 11.0216
 0.0120 0.1125 -8.7216 11.1216
 0.0130 0.1125 -8.6216 11.2216
 0.0140 0.1125 -8.5216 11.3216
 0.0150 0.1125 -8.4216 11.4216
 0.0160 0.1125 -8.3216 11.5216
 0.0170 0.1125 -8.2216 11.6216
 0.0180 0.1125 -8.1216 11.7216
 0.0190 0.1125 -8.0216 11.8216
 0.0200 0.1125 -7.9216 11.9216
 0.0210 0.1125 -7.8216 12.0216
 0.0220 0.1125 -7.7216 12.1216
 0.0230 0.1125 -7.6216 12.2216
 0.0240 0.1125 -7.5216 12.3216
 0.0250 0.1125 -7.4216 12.4216
 0.0260 0.1125 -7.3216 12.5216
 0.0270 0.1125 -7.2216 12.6216
 0.0280 0.1125 -7.1216 12.7216
 0.0290 0.1125 -7.0216 12.8216
 0.0300 0.1125 -6.9216 12.9216
 0.0310 0.1125 -6.8216 13.0216
 0.0320 0.1125 -6.7216 13.1216
 0.0330 0.1125 -6.6216 13.2216
 0.0340 0.1125 -6.5216 13.3216
 0.0350 0.1125 -6.4216 13.4216
 0.0000 0.0536 -14.0097 14.0097
 0.0000 0.0546 -13.9710 13.9710
 0.0000 0.0556 -13.9315 13.9315
 0.0000 0.0566 -13.8912 13.8912
 0.0000 0.0576 -13.8500 13.8500
 0.0000 0.0586 -13.8080 13.8080
 0.0000 0.0596 -13.7651 13.7651
 0.0000 0.0606 -13.7214 13.7214
 0.0000 0.0616 -13.6768 13.6768
 0.0000 0.0626 -13.6313 13.6313
 0.0000 0.0636 -13.5849 13.5849
 0.0000 0.0646 -13.5377 13.5377
 0.0000 0.0656 -13.4895 13.4895
 0.0000 0.0666 -13.4404 13.4404
 0.0000 0.0676 -13.3904 13.3904
 0.0000 0.0686 -13.3394 13.3394
 0.0000 0.0696 -13.2875 13.2875
 0.0000 0.0706 -13.2347 13.2347
 0.0000 0.0716 -13.1808 13.1808
 0.0000 0.0726 -13.1260 13.1260
 0.0000 0.0736 -13.0702 13.0702
 0.0000 0.0746 -13.0134 13.0134
 0.0000 0.0756 -12.9556 12.9556
 0.0000 0.0766 -12.8967 12.8967
 0.0000 0.0776 -12.8368 12.8368
 0.0000 0.0786 -12.7758 12.7758
 0.0000 0.0796 -12.7137 12.7137
 0.0000 0.0806 -12.6505 12.6505
 0.0000 0.0816 -12.5863 12.5863
 0.0000 0.0826 -12.5209 12.5209
 0.0000 0.0836 -12.4543 12.4543
 0.0000 0.0846 -12.3866 12.3866
 0.0000 0.0856 -12.3177 12.3177
 0.0000 0.0866 -12.2476 12.2476
 0.0000 0.0876 -12.1763 12.1763
 0.0000 0.0886 -12.1037 12.1037
 0.0000 0.0896 -12.0299 12.0299
 0.0000 0.0906 -11.9548 11.9548
 0.0000 0.0916 -11.8783 11.8783
 0.0000 0.0926 -11.8005 11.8005
 0.0000 0.0936 -11.7214 11.7214
 0.0000 0.0946 -11.6408 11.6408
 0.0000 0.0956 -11.5588 11.5588
 0.0000 0.0966 -11.4754 11.4754
 0.0000 0.0976 -11.3904 11.3904
 0.0000 0.0986 -11.3040 11.3040
 0.0000 0.0996 -11.2160 11.2160
 0.0000 0.1006 -11.1264 11.1264
 0.0000 0.1016 -11.0351 11.0351
 0.0000 0.1026 -10.9422 10.9422
 0.0000 0.1036 -10.8476 10.8476
 0.0000 0.1046 -10.7512 10.7512
 0.0000 0.1056 -10.6530 10.6530
 0.0000 0.1066 -10.5529 10.5529
 0.0000 0.1076 -10.4509 10.4509
 0.0000 0.1086 -10.3470 10.3470
 0.0000 0.1096 -10.2410 10.2410
 0.0000 0.1106 -10.1329 10.1329
 0.0000 0.1116 -10.0227 10.0227
 0.0000 0.1126 -9.9102 9.9102
 0.0000 0.1136 -9.7954 9.7954
 0.0000 0.1146 -9.6782 9.6782
 0.0000 0.1156 -9.5586 9.5586
 0.0000 0.1166 -9.4363 9.4363
 0.0000 0.1176 -9.3114 9.3114
 0.0000 0.1186 -9.1837 9.1837
 0.0000 0.1196 -9.0531 9.0531
 0.0000 0.1206 -8.9194 8.9194
 0.0000 0.1216 -8.7826 8.7826
 0.0000 0.1226 -8.6425 8.6425
 0.0000 0.1236 -8.4988 8.4988
 0.0000 0.1246 -8.3515 8.3515
 0.0000 0.1256 -8.2004 8.2004
 0.0000 0.1266 -8.0451 8.0451
 0.0000 0.1276 -7.8856 7.8856
 0.0000 0.1286 -7.7214 7.7214
 0.0000 0.1296 -7.5524 7.5524
 0.0000 0.1306 -7.3781 7.3781
 0.0000 0.1316 -7.1982 7.1982
 0.0000 0.1326 -7.0123 7.0123
 0.0000 0.1336 -6.8198 6.8198
 0.0000 0.1346 -6.6203 6.6203
 0.0000 0.1356 -6.4130 6.4130
 0.0000 0.1366 -6.1971 6.1971
 0.0000 0.1376 -5.9718 5.9718
 0.0000 0.1386 -5.7359 5.7359
 0.0000 0.1396 -5.4880 5.4880
 0.0000 0.1400 -5.3852 5.3852
 0.0000 0.1390 -5.6383 5.6383
 0.0000 0.1380 -5.8788 5.8788
 0.0000 0.1370 -6.1082 6.1082
 0.0000 0.1360 -6.3277 6.3277
 0.0000 0.1350 -6.5384 6.5384
 0.0000 0.1340 -6.7409 6.7409
 0.0000 0.1330 -6.9361 6.9361
 0.0000 0.1320 -7.1246 7.1246
 0.0000 0.1310 -7.3069 7.3069
 0.0000 0.1300 -7.4833 7.4833
 0.0000 0.1290 -7.6544 7.6544
 0.0000 0.1280 -7.8205 7.8205
 0.0000 0.1270 -7.9819 7.9819
 0.0000 0.1260 -8.1388 8.1388
 0.0000 0.1250 -8.2916 8.2916
 0.0000 0.1240 -8.4404 8.4404
 0.0000 0.1230 -8.5855 8.5855
 0.0000 0.1220 -8.7270 8.7270
 0.0000 0.1210 -8.8651 8.8651
 0.0000 0.1200 -9.0000 9.0000
 0.0000 0.1190 -9.1318 9.1318
 0.0000 0.1180 -9.2607 9.2607
 0.0000 0.1170 -9.3867 9.3867
 0.0000 0.1160 -9.5100 9.5100
 0.0000 0.1150 -9.6307 9.6307
 0.0000 0.1140 -9.7489 9.7489
 0.0000 0.1130 -9.8646 9.8646
 0.0000 0.1125 -9.9216 9.9216
 -0.0010 0.1125 -10.0216 9.8216
 -0.0020 0.1125 -10.1216 9.7216
 -0.0030 0.1125 -10.2216 9.6216
 -0.0040 0.1125 -10.3216 9.5216
 -0.0050 0.1125 -10.4216 9.4216
 -0.0060 0.1125 -10.5216 9.3216
 -0.0070 0.1125 -10.6216 9.2216
 -0.0080 0.1125 -10.7216 9.1216
 -0.0090 0.1125 -10.8216 9.0216
 -0.0100 0.1125 -10.9216 8.9216
 -0.0110 0.1125 -11.0